10	22	288	6-26_15:57:17.0	3519.7
10	8	117	6-26_15:57:18.0	3526.8
7	6	125	6-26_15:57:19.0	3533.4
6	20	30	6-26_15:57:20.0	3540.4
8	8	114	6-26_15:57:21.0	3547.7
10	22	255	6-26_15:57:22.0	3554.2
10	19	231	6-26_15:57:23.0	3562.1
11	8	115	6-26_15:57:24.0	3569
13	14	297	6-26_15:57:25.0	3574.6
11	19	319	6-26_15:57:26.0	3582
9	12	145	6-26_15:57:27.0	3588.7
12	17	37	6-26_15:57:28.0	3595.6
12	4	57	6-26_15:57:29.0	3602.4
8	18	301	6-26_15:57:30.0	3609.9
11	20	327	6-26_15:57:31.0	3616.9
19	10	200	6-26_15:57:32.0	3623.5
12	16	224	6-26_15:57:33.0	3630.6
16	11	321	6-26_15:57:34.0	3637.2
17	17	51	6-26_15:57:35.0	3644.7
11	15	151	6-26_15:57:36.0	3652.1
13	3	104	6-26_15:57:37.0	3659
9	22	296	6-26_15:57:38.0	3666.7
11	8	114	6-26_15:57:39.0	3673.9
13	17	356	6-26_15:57:40.0	3680.8
13	9	315	6-26_15:57:41.0	3687.4
13	14	297	6-26_15:57:42.0	3694.1
16	14	245	6-26_15:57:43.0	3698.4
13	20	221	6-26_15:57:44.0	3705.9
9	21	224	6-26_15:57:45.0	3712.4
10	9	131	6-26_15:57:46.0	3719
10	17	357	6-26_15:57:47.0	3725.8
9	8	93	6-26_15:57:48.0	3733.2
10	20	327	6-26_15:57:49.0	3739.9
10	23	32	6-26_15:57:50.0	3746.6
16	9	97	6-26_15:57:51.0	3754.3
16	19	248	6-26_15:57:52.0	3761.7
14	17	266	6-26_15:57:53.0	3768.5
15	14	243	6-26_15:57:54.0	3774.9
13	20	314	6-26_15:57:55.0	3781.9
10	23	128	6-26_15:57:56.0	3789.1
11	20	281	6-26_15:57:57.0	3796.5
10	12	97	6-26_15:57:58.0	3803.5
11	3	85	6-26_15:57:59.0	3810
8	24	317	6-26_15:58:0.0	3817
10	10	110	6-26_15:58:1.0	3824
9	20	76	6-26_15:58:2.0	3830.7
11	4	26	6-26_15:58:3.0	3837.6
10	18	267	6-26_15:58:4.0	3844.8
13	20	14	6-26_15:58:5.0	3851.3
16	18	278	6-26_15:58:6.0	3858.1
15	11	149	6-26_15:58:7.0	3865.2
12	7	260	6-26_15:58:8.0	3872.3
10	26	314	6-26_15:58:9.0	3878.7
11	10	52	6-26_15:58:10.0	3885.8
9	6	47	6-26_15:58:11.0	3893.3
6	20	299	6-26_15:58:12.0	3900.6
14	13	344	6-26_15:58:13.0	3907.3
10	24	333	6-26_15:58:14.0	3914.5
15	13	254	6-26_15:58:15.0	3921.6
15	11	225	6-26_15:58:16.0	3928.9
15	12	307	6-26_15:58:17.0	3935.7
10	22	205	6-26_15:58:18.0	3942.4
15	12	9	6-26_15:58:19.0	3949.9
11	5	101	6-26_15:58:20.0	3957.1
7	22	359	6-26_15:58:21.0	3963.3
13	11	299	6-26_15:58:22.0	3970.5
12	14	347	6-26_15:58:23.0	3978.3
11	4	340	6-26_15:58:24.0	3985.3
7	25	299	6-26_15:58:25.0	3992.1
12	8	129	6-26_15:58:26.0	3999.7
11	4	102	6-26_15:58:27.0	4006.3
7	24	337	6-26_15:58:28.0	4013.4
9	9	120	6-26_15:58:29.0	4021
11	15	351	6-26_15:58:30.0	4028.2
12	3	357	6-26_15:58:31.0	4034.4
7	26	315	6-26_15:58:32.0	4041.7
13	7	149	6-26_15:58:33.0	4048.2
12	16	270	6-26_15:58:34.0	4054.2
6	18	44	6-26_15:58:35.0	4060.7
3	23	58	6-26_15:58:36.0	4067.5
9	7	341	6-26_15:58:37.0	4074.2
8	13	319	6-26_15:58:38.0	4081.1
15	11	17	6-26_15:58:39.0	4088.5
10	20	329	6-26_15:58:40.0	4095.7
13	19	279	6-26_15:58:41.0	4102.3
16	14	245	6-26_15:58:42.0	4109.6
10	17	346	6-26_15:58:43.0	4116.8
11	21	20	6-26_15:58:44.0	4124.2
14	8	150	6-26_15:58:45.0	4131.3
14	12	16	6-26_15:58:46.0	4138.7
10	23	292	6-26_15:58:47.0	4146.1
13	20	269	6-26_15:58:48.0	4152.6
11	15	246	6-26_15:58:49.0	4159.9
10	13	333	6-26_15:58:50.0	4167.1
9	19	26	6-26_15:58:51.0	4174.3
11	19	338	6-26_15:58:52.0	4181.4
11	16	281	6-26_15:58:53.0	4188.3
12	6	129	6-26_15:58:54.0	4195.4
11	18	319	6-26_15:58:55.0	4203.3
10	19	121	6-26_15:58:56.0	4210
12	20	343	6-26_15:58:57.0	4216.6
12	4	23	6-26_15:58:58.0	4223.6
11	26	60	6-26_15:58:59.0	4230.7
13	15	356	6-26_15:59:0.0	4237.7
14	10	138	6-26_15:59:1.0	4244.6
9	19	240	6-26_15:59:2.0	4251.8
13	15	345	6-26_15:59:3.0	4258.8
10	10	31	6-26_15:59:4.0	4266.2
10	20	110	6-26_15:59:5.0	4272.9
2	20	265	6-26_15:59:6.0	4279.8
12	4	2	6-26_15:59:7.0	4287
4	19	329	6-26_15:59:8.0	4294.6
12	4	98	6-26_15:59:9.0	4301.6
8	17	29	6-26_15:59:10.0	4309
12	19	281	6-26_15:59:11.0	4316.2
10	14	13	6-26_15:59:12.0	4323.7
9	10	85	6-26_15:59:13.0	4331.2
9	21	261	6-26_15:59:14.0	4338.8
12	12	343	6-26_15:59:15.0	4346.1
12	22	327	6-26_15:59:16.0	4346.1
11	7	95	6-26_15:59:17.0	4360.9
13	13	356	6-26_15:59:18.0	4368.3
9	26	299	6-26_15:59:19.0	4375.6
12	10	202	6-26_15:59:20.0	4382.6
15	14	293	6-26_15:59:21.0	4390.6
10	21	347	6-26_15:59:22.0	4398.3
11	15	335	6-26_15:59:23.0	4405.4
12	10	62	6-26_15:59:24.0	4413.1
10	19	229	6-26_15:59:25.0	4421
8	20	318	6-26_15:59:26.0	4428.2
12	10	213	6-26_15:59:27.0	4434.8
15	18	287	6-26_15:59:28.0	4441.6
10	22	322	6-26_15:59:29.0	4449.3
11	6	306	6-26_15:59:30.0	4455.7
9	27	253	6-26_15:59:31.0	4462.3
10	20	241	6-26_15:59:32.0	4469.3
11	9	123	6-26_15:59:33.0	4475.6
10	17	309	6-26_15:59:34.0	4475.6
7	21	337	6-26_15:59:35.0	4489.5
9	9	200	6-26_15:59:36.0	4496.6
9	16	12	6-26_15:59:37.0	4503.5
11	10	5	6-26_15:59:38.0	4510.2
12	20	354	6-26_15:59:39.0	4517.4
14	6	76	6-26_15:59:40.0	4523.9
8	18	351	6-26_15:59:41.0	4530.8
11	14	314	6-26_15:59:42.0	4537.7
16	24	255	6-26_15:59:43.0	4543.7
11	21	270	6-26_15:59:44.0	4550.7
10	12	295	6-26_15:59:45.0	4557.6
10	36	243	6-26_15:59:46.0	4564.1
11	14	108	6-26_15:59:47.0	4571.2
9	20	22	6-26_15:59:48.0	4577.9
11	2	121	6-26_15:59:49.0	4584.8
10	19	269	6-26_15:59:50.0	4591.6
9	23	11	6-26_15:59:51.0	4598.4
15	22	42	6-26_15:59:52.0	4605.5
11	21	313	6-26_15:59:53.0	4612.8
11	14	310	6-26_15:59:54.0	4620.3
15	5	59	6-26_15:59:55.0	4628.2
6	19	347	6-26_15:59:56.0	4635.5
11	19	317	6-26_15:59:57.0	4642.6
13	4	246	6-26_15:59:58.0	4650.6
7	23	353	6-26_15:59:59.0	4658
11	10	345	6-26_16:0:0.0	4665.3
12	4	81	6-26_16:0:1.0	4672.1
9	15	322	6-26_16:0:2.0	4679.2
9	24	217	6-26_16:0:3.0	4685.9
9	20	133	6-26_16:0:4.0	4692.8
12	13	25	6-26_16:0:5.0	4699.7
14	15	59	6-26_16:0:6.0	4706.2
15	15	21	6-26_16:0:7.0	4713.5
14	6	68	6-26_16:0:8.0	4720.5
10	29	212	6-26_16:0:9.0	4727.6
14	16	112	6-26_16:0:10.0	4734.4
13	17	36	6-26_16:0:11.0	4741.9
13	20	65	6-26_16:0:12.0	4747.7
10	19	39	6-26_16:0:13.0	4754.4
10	18	335	6-26_16:0:14.0	4761.1
11	13	333	6-26_16:0:15.0	4768
13	15	53	6-26_16:0:16.0	4775.4
9	21	230	6-26_16:0:17.0	4782.1
12	6	18	6-26_16:0:18.0	4789
13	17	67	6-26_16:0:19.0	4795.5
11	20	60	6-26_16:0:20.0	4802.2
13	10	213	6-26_16:0:21.0	4809
10	13	3	6-26_16:0:22.0	4815.8
10	20	217	6-26_16:0:23.0	4822.6
10	17	323	6-26_16:0:24.0	4830.3
10	10	19	6-26_16:0:25.0	4837.5
13	16	80	6-26_16:0:26.0	4844.5
10	20	104	6-26_16:0:27.0	4851
12	9	314	6-26_16:0:28.0	4857.6
11	15	352	6-26_16:0:29.0	4864.4
9	22	269	6-26_16:0:30.0	4871
14	14	139	6-26_16:0:31.0	4877.8
12	14	63	6-26_16:0:32.0	4884.2
13	21	102	6-26_16:0:33.0	4891.2
12	19	100	6-26_16:0:34.0	4897.6
10	19	73	6-26_16:0:35.0	4904
11	21	344	6-26_16:0:36.0	4910.8
13	14	78	6-26_16:0:37.0	4917.7
12	17	132	6-26_16:0:38.0	4924.2
13	21	144	6-26_16:0:39.0	4930.4
9	20	131	6-26_16:0:40.0	4937.4
10	21	115	6-26_16:0:41.0	4937.4
14	15	51	6-26_16:0:42.0	4950.3
13	15	3	6-26_16:0:43.0	4957
12	20	333	6-26_16:0:44.0	4963.9
11	20	248	6-26_16:0:45.0	4971.1
11	18	136	6-26_16:0:46.0	4977.5
12	14	80	6-26_16:0:47.0	4984.4
11	20	101	6-26_16:0:48.0	4991.1
11	21	159	6-26_16:0:49.0	4997.4
10	19	67	6-26_16:0:50.0	5004
16	14	329	6-26_16:0:51.0	5010.8
12	19	223	6-26_16:0:52.0	5017.6
10	19	256	6-26_16:0:53.0	5024.9
13	14	19	6-26_16:0:54.0	5032.3
7	16	316	6-26_16:0:55.0	5039.4
13	13	13	6-26_16:0:56.0	5046.4
11	7	328	6-26_16:0:57.0	5053.3
11	19	359	6-26_16:0:58.0	5060.5
7	22	303	6-26_16:0:59.0	5067.5
12	6	72	6-26_16:1:0.0	5074.9
8	17	309	6-26_16:1:1.0	5082
14	4	38	6-26_16:1:2.0	5088.8
10	5	330	6-26_16:1:3.0	5096.7
6	22	6	6-26_16:1:4.0	5103.5
14	5	74	6-26_16:1:5.0	5110.1
12	8	84	6-26_16:1:6.0	5116.7
8	22	281	6-26_16:1:7.0	5123.4
10	19	253	6-26_16:1:8.0	5130.8
10	17	92	6-26_16:1:9.0	5137.9
12	10	19	6-26_16:1:10.0	5145.1
11	21	80	6-26_16:1:11.0	5152.3
12	20	50	6-26_16:1:12.0	5159.8
13	9	72	6-26_16:1:13.0	5166.6
12	22	276	6-26_16:1:14.0	5173.4
12	18	45	6-26_16:1:15.0	5180
13	12	57	6-26_16:1:16.0	5187.5
13	16	50	6-26_16:1:17.0	5194.3
9	23	85	6-26_16:1:18.0	5200.4
13	16	302	6-26_16:1:19.0	5207.9
10	17	358	6-26_16:1:20.0	5214.6
13	7	85	6-26_16:1:21.0	5220.1
9	23	240	6-26_16:1:22.0	5226.8
10	18	107	6-26_16:1:23.0	5233.3
10	10	329	6-26_16:1:24.0	5240.1
12	11	15	6-26_16:1:25.0	5247.2
7	21	256	6-26_16:1:26.0	5254.3
7	19	315	6-26_16:1:27.0	5261.4
11	5	65	6-26_16:1:28.0	5268.5
9	7	18	6-26_16:1:29.0	5275.7
8	23	292	6-26_16:1:30.0	5283.7
12	13	93	6-26_16:1:31.0	5290.9
8	16	323	6-26_16:1:32.0	5297.9
8	17	270	6-26_16:1:33.0	5304.9
11	17	307	6-26_16:1:34.0	5312.5
12	7	34	6-26_16:1:35.0	5320
7	17	265	6-26_16:1:36.0	5327.7
12	8	28	6-26_16:1:37.0	5335.2
13	5	50	6-26_16:1:38.0	5341.9
11	24	255	6-26_16:1:39.0	5347.7
12	6	44	6-26_16:1:40.0	5355
11	17	56	6-26_16:1:41.0	5361.8
9	18	128	6-26_16:1:42.0	5368.4
8	20	104	6-26_16:1:43.0	5375.5
10	16	22	6-26_16:1:44.0	5383
10	14	350	6-26_16:1:45.0	5390.5
15	16	61	6-26_16:1:46.0	5397.2
11	20	321	6-26_16:1:47.0	5404.6
13	16	81	6-26_16:1:48.0	5412.7
13	20	90	6-26_16:1:49.0	5420.1
10	19	111	6-26_16:1:50.0	5427.2
10	19	132	6-26_16:1:51.0	5434.4
13	17	294	6-26_16:1:52.0	5442.1
11	11	88	6-26_16:1:53.0	5449.6
12	20	12	6-26_16:1:54.0	5456.9
9	20	250	6-26_16:1:55.0	5463.9
13	13	60	6-26_16:1:56.0	5471.5
12	15	51	6-26_16:1:57.0	5478.7
9	19	142	6-26_16:1:58.0	5486.3
10	19	103	6-26_16:1:59.0	5493.3
16	10	52	6-26_16:2:0.0	5500.7
10	18	95	6-26_16:2:1.0	5507.3
13	19	135	6-26_16:2:2.0	5513.6
12	19	167	6-26_16:2:3.0	5521.8
9	19	98	6-26_16:2:4.0	5529
12	13	20	6-26_16:2:5.0	5536.2
11	17	357	6-26_16:2:6.0	5543.7
12	14	60	6-26_16:2:7.0	5551.3
10	22	230	6-26_16:2:8.0	5559.4
10	5	33	6-26_16:2:9.0	5567.5
8	24	291	6-26_16:2:10.0	5574.3
13	5	52	6-26_16:2:11.0	5582.2
11	11	11	6-26_16:2:12.0	5589.6
9	19	69	6-26_16:2:13.0	5597.2
7	19	39	6-26_16:2:14.0	5604.2
10	12	320	6-26_16:2:15.0	5611.8
10	9	52	6-26_16:2:16.0	5619.6
7	20	255	6-26_16:2:17.0	5625.4
12	12	55	6-26_16:2:18.0	5632.9
13	8	43	6-26_16:2:19.0	5640.9
12	22	122	6-26_16:2:20.0	5647.4
12	9	356	6-26_16:2:21.0	5654
12	17	331	6-26_16:2:22.0	5661.6
9	21	293	6-26_16:2:23.0	5668.8
12	10	119	6-26_16:2:24.0	5676.5
11	16	342	6-26_16:2:25.0	5684
13	5	13	6-26_16:2:26.0	5690.5
6	22	251	6-26_16:2:27.0	5698
8	17	62	6-26_16:2:28.0	5705
13	14	325	6-26_16:2:29.0	5711.4
14	13	29	6-26_16:2:30.0	5719.4
6	19	313	6-26_16:2:31.0	5726.8
11	9	22	6-26_16:2:32.0	5734.3
10	20	225	6-26_16:2:33.0	5742.2
12	16	357	6-26_16:2:34.0	5749.9
14	10	24	6-26_16:2:35.0	5757.5
11	16	334	6-26_16:2:36.0	5766
14	17	71	6-26_16:2:37.0	5772.8
10	21	262	6-26_16:2:38.0	5780
11	10	87	6-26_16:2:39.0	5780
10	11	58	6-26_16:2:40.0	5795.1
10	20	51	6-26_16:2:41.0	5802.9
13	13	89	6-26_16:2:42.0	5809.9
9	10	328	6-26_16:2:43.0	5817.1
11	21	20	6-26_16:2:44.0	5824.9
10	17	347	6-26_16:2:45.0	5832.8
12	9	347	6-26_16:2:46.0	5840.6
11	19	279	6-26_16:2:47.0	5848.9
8	19	260	6-26_16:2:48.0	5857.6
10	17	117	6-26_16:2:49.0	5865.5
14	5	38	6-26_16:2:50.0	5873.3
11	25	102	6-26_16:2:51.0	5881.2
11	19	340	6-26_16:2:52.0	5888.6
13	11	111	6-26_16:2:53.0	5896.2
10	20	238	6-26_16:2:54.0	5903.6
11	16	339	6-26_16:2:55.0	5911.2
10	16	22	6-26_16:2:56.0	5918.6
11	15	34	6-26_16:2:57.0	5925.9
9	21	23	6-26_16:2:58.0	5933.6
13	20	249	6-26_16:2:59.0	5941.3
15	13	160	6-26_16:3:0.0	5949.1
10	19	246	6-26_16:3:1.0	5956.9
11	12	311	6-26_16:3:2.0	5964.1
11	25	135	6-26_16:3:3.0	5971.6
12	18	103	6-26_16:3:4.0	5978.6
14	16	346	6-26_16:3:5.0	5986.2
13	20	244	6-26_16:3:6.0	5993.1
9	19	224	6-26_16:3:7.0	6000.7
10	18	227	6-26_16:3:8.0	6008.2
10	16	33	6-26_16:3:9.0	6015.9
8	18	276	6-26_16:3:10.0	6023.8
11	7	88	6-26_16:3:11.0	6031.3
11	14	344	6-26_16:3:12.0	6039.1
10	11	10	6-26_16:3:13.0	6046.9
8	17	291	6-26_16:3:14.0	6054.8
5	15	293	6-26_16:3:15.0	6062.5
11	7	26	6-26_16:3:16.0	6069.1
9	5	32	6-26_16:3:17.0	6076.4
7	12	327	6-26_16:3:18.0	6084
6	19	355	6-26_16:3:19.0	6090.1
11	15	274	6-26_16:3:20.0	6097.5
7	14	54	6-26_16:3:21.0	6104.8
10	18	20	6-26_16:3:22.0	6111.5
11	17	344	6-26_16:3:23.0	6118.6
10	18	286	6-26_16:3:24.0	6125.6
10	18	252	6-26_16:3:25.0	6133
10	19	247	6-26_16:3:26.0	6140.3
10	18	22	6-26_16:3:27.0	6147.8
10	12	23	6-26_16:3:28.0	6155.1
10	9	24	6-26_16:3:29.0	6161
10	26	257	6-26_16:3:30.0	6168.2
9	18	228	6-26_16:3:31.0	6174.9
7	19	84	6-26_16:3:32.0	6182
11	10	5	6-26_16:3:33.0	6189
9	9	18	6-26_16:3:34.0	6196.1
9	22	257	6-26_16:3:35.0	6203.7
4	19	298	6-26_16:3:36.0	6210.4
13	3	49	6-26_16:3:37.0	6217.4
13	5	39	6-26_16:3:38.0	6223.8
10	8	321	6-26_16:3:39.0	6231.3
5	18	5	6-26_16:3:40.0	6238.5
9	11	124	6-26_16:3:41.0	6246.2
9	17	342	6-26_16:3:42.0	6253.1
5	20	23	6-26_16:3:43.0	6260.4
10	15	269	6-26_16:3:44.0	6268
14	8	4	6-26_16:3:45.0	6274.4
12	9	91	6-26_16:3:46.0	6281.9
7	19	283	6-26_16:3:47.0	6289.6
11	10	274	6-26_16:3:48.0	6296.9
10	17	10	6-26_16:3:49.0	6304.5
7	22	255	6-26_16:3:50.0	6311.5
13	8	32	6-26_16:3:51.0	6318.2
4	16	6	6-26_16:3:52.0	6325.2
10	13	52	6-26_16:3:53.0	6331.9
11	6	40	6-26_16:3:54.0	6339.4
11	20	294	6-26_16:3:55.0	6347
9	18	298	6-26_16:3:56.0	6354.4
11	17	229	6-26_16:3:57.0	6361.4
7	18	206	6-26_16:3:58.0	6368.4
6	22	270	6-26_16:3:59.0	6374.4
7	12	314	6-26_16:4:0.0	6381.2
10	9	2	6-26_16:4:1.0	6388.3
8	15	33	6-26_16:4:2.0	6395
10	15	359	6-26_16:4:3.0	6402
12	5	49	6-26_16:4:4.0	6409
11	15	65	6-26_16:4:5.0	6415.5
7	18	16	6-26_16:4:6.0	6422
7	15	69	6-26_16:4:7.0	6428.5
8	20	81	6-26_16:4:8.0	6434.1
12	4	74	6-26_16:4:9.0	6440
10	16	359	6-26_16:4:10.0	6446.3
9	20	305	6-26_16:4:11.0	6452.1
13	21	280	6-26_16:4:12.0	6452.1
11	21	289	6-26_16:4:13.0	6464.6
12	13	261	6-26_16:4:14.0	6471.5
14	17	19	6-26_16:4:15.0	6478.3
10	19	272	6-26_16:4:16.0	6484.8
9	9	101	6-26_16:4:17.0	6491.6
13	8	26	6-26_16:4:18.0	6498
6	21	329	6-26_16:4:19.0	6504.5
10	15	236	6-26_16:4:20.0	6510.9
8	18	122	6-26_16:4:21.0	6517.1
8	17	89	6-26_16:4:22.0	6523.2
12	16	327	6-26_16:4:23.0	6529.6
10	11	222	6-26_16:4:24.0	6536.2
10	15	302	6-26_16:4:25.0	6542.8
11	17	76	6-26_16:4:26.0	6549.4
8	16	246	6-26_16:4:27.0	6555.9
11	17	352	6-26_16:4:28.0	6561.9
6	18	58	6-26_16:4:29.0	6568.3
5	20	327	6-26_16:4:30.0	6574.8
14	10	64	6-26_16:4:31.0	6580.3
11	10	44	6-26_16:4:32.0	6586.6
10	20	38	6-26_16:4:33.0	6592.8
14	16	74	6-26_16:4:34.0	6599.7
10	9	333	6-26_16:4:35.0	6606.2
11	18	23	6-26_16:4:36.0	6612.5
9	21	269	6-26_16:4:37.0	6619
13	10	118	6-26_16:4:38.0	6625.2
11	11	58	6-26_16:4:39.0	6631.9
9	23	245	6-26_16:4:40.0	6638.2
11	16	109	6-26_16:4:41.0	6644.9
13	11	37	6-26_16:4:42.0	6651.1
11	20	96	6-26_16:4:43.0	6657.4
7	19	31	6-26_16:4:44.0	6663.5
11	16	316	6-26_16:4:45.0	6669.4
13	10	121	6-26_16:4:46.0	6675.5
9	17	274	6-26_16:4:47.0	6681.6
11	9	10	6-26_16:4:48.0	6687.8
6	22	253	6-26_16:4:49.0	6694
8	16	321	6-26_16:4:50.0	6700.6
9	9	251	6-26_16:4:51.0	6707
11	11	329	6-26_16:4:52.0	6713.4
11	13	70	6-26_16:4:53.0	6719.8
12	10	19	6-26_16:4:54.0	6726.5
11	15	306	6-26_16:4:55.0	6733.2
9	18	310	6-26_16:4:56.0	6739.7
10	19	317	6-26_16:4:57.0	6746.5
14	12	27	6-26_16:4:58.0	6753.1
8	20	4	6-26_16:4:59.0	6759.8
10	17	285	6-26_16:5:0.0	6767.3
13	7	121	6-26_16:5:1.0	6774.5
8	15	328	6-26_16:5:2.0	6780.6
14	7	1	6-26_16:5:3.0	6787.3
8	19	46	6-26_16:5:4.0	6794.1
11	17	36	6-26_16:5:5.0	6800.4
13	7	325	6-26_16:5:6.0	6806.8
10	6	6	6-26_16:5:7.0	6814.2
6	19	271	6-26_16:5:8.0	6820.7
14	7	0	6-26_16:5:9.0	6827.3
8	24	315	6-26_16:5:10.0	6834
10	10	94	6-26_16:5:11.0	6840.6
11	11	267	6-26_16:5:12.0	6846.7
8	19	313	6-26_16:5:13.0	6853.4
13	12	345	6-26_16:5:14.0	6859.6
11	16	287	6-26_16:5:15.0	6865.7
9	21	16	6-26_16:5:16.0	6871.7
12	3	59	6-26_16:5:17.0	6877.2
13	11	307	6-26_16:5:18.0	6883.4
7	16	78	6-26_16:5:19.0	6888.6
13	6	285	6-26_16:5:20.0	6893.9
8	14	352	6-26_16:5:21.0	6900.1
11	18	301	6-26_16:5:22.0	6906.5
9	19	260	6-26_16:5:23.0	6912.5
9	18	255	6-26_16:5:24.0	6919.4
5	15	20	6-26_16:5:25.0	6926
9	4	77	6-26_16:5:26.0	6932.5
9	9	53	6-26_16:5:27.0	6939.1
8	19	328	6-26_16:5:28.0	6945.8
13	14	286	6-26_16:5:29.0	6952.2
11	14	245	6-26_16:5:30.0	6958.6
11	10	306	6-26_16:5:31.0	6965.8
11	22	262	6-26_16:5:32.0	6972
12	17	225	6-26_16:5:33.0	6978.4
9	12	151	6-26_16:5:34.0	6985.1
14	12	236	6-26_16:5:35.0	6991.9
8	19	351	6-26_16:5:36.0	6998.6
