14	16	73	6-26_17:10:3.0	4047
8	14	329	6-26_17:10:4.0	4040.7
9	11	312	6-26_17:10:5.0	4034.4
11	14	332	6-26_17:10:6.0	4028.3
15	14	350	6-26_17:10:7.0	4022
14	14	263	6-26_17:10:8.0	4015.6
11	6	233	6-26_17:10:9.0	4009.3
12	25	348	6-26_17:10:10.0	4002.8
12	8	297	6-26_17:10:11.0	3997.3
15	8	329	6-26_17:10:12.0	3990.2
14	15	289	6-26_17:10:13.0	3983.8
16	3	271	6-26_17:10:14.0	3977.2
15	18	332	6-26_17:10:15.0	3970.6
15	4	317	6-26_17:10:16.0	3964
14	16	313	6-26_17:10:17.0	3956.8
16	5	270	6-26_17:10:18.0	3950.5
15	15	315	6-26_17:10:19.0	3944.5
17	8	321	6-26_17:10:20.0	3937.5
16	13	322	6-26_17:10:21.0	3930.3
16	6	268	6-26_17:10:22.0	3924.4
14	20	306	6-26_17:10:23.0	3918.1
9	11	228	6-26_17:10:24.0	3911.1
13	7	302	6-26_17:10:25.0	3904.1
13	24	18	6-26_17:10:26.0	3897.2
13	5	22	6-26_17:10:27.0	3890.5
10	13	56	6-26_17:10:28.0	3884.1
12	19	298	6-26_17:10:29.0	3877.6
15	17	320	6-26_17:10:30.0	3870.5
12	16	278	6-26_17:10:31.0	3864.4
9	21	339	6-26_17:10:32.0	3857.7
11	11	279	6-26_17:10:33.0	3851.6
18	3	357	6-26_17:10:34.0	3845.7
2	9	200	6-26_17:10:35.0	3838.8
7	18	333	6-26_17:10:36.0	3831.9
12	10	51	6-26_17:10:37.0	3825.8
42	30	35	6-26_17:10:38.0	3819.7
10	14	352	6-26_17:10:39.0	3812.6
13	15	28	6-26_17:10:40.0	3805.7
13	11	346	6-26_17:10:41.0	3799.4
16	357	1	6-26_17:10:42.0	3793.3
8	17	249	6-26_17:10:43.0	3787.1
9	14	351	6-26_17:10:44.0	3781.2
7	13	125	6-26_17:10:45.0	3774.9
13	11	341	6-26_17:10:46.0	3768.6
8	28	42	6-26_17:10:47.0	3761.9
11	7	72	6-26_17:10:48.0	3755.4
14	8	306	6-26_17:10:49.0	3748.7
15	23	335	6-26_17:10:50.0	3742.4
13	4	276	6-26_17:10:51.0	3737.3
15	20	357	6-26_17:10:52.0	3731.7
15	4	318	6-26_17:10:53.0	3723.9
16	14	295	6-26_17:10:54.0	3717.4
16	11	286	6-26_17:10:55.0	3711.2
15	10	292	6-26_17:10:56.0	3704.7
17	13	339	6-26_17:10:57.0	3698.8
17	6	322	6-26_17:10:58.0	3691
15	16	295	6-26_17:10:59.0	3683.9
15	4	257	6-26_17:11:0.0	3678.3
16	16	318	6-26_17:11:1.0	3671.8
15	6	304	6-26_17:11:2.0	3665.5
16	20	2	6-26_17:11:3.0	3658.5
14	3	257	6-26_17:11:4.0	3651.4
15	24	326	6-26_17:11:5.0	3644.9
14	2	260	6-26_17:11:6.0	3689.3
15	23	359	6-26_17:11:7.0	3712.1
15	3	316	6-26_17:11:8.0	3727.4
16	20	324	6-26_17:11:9.0	3732.9
16	2	252	6-26_17:11:10.0	3731.9
16	20	325	6-26_17:11:11.0	3728.9
15	3	303	6-26_17:11:12.0	3726
15	21	356	6-26_17:11:13.0	3724.4
14	5	300	6-26_17:11:14.0	3720.1
16	19	309	6-26_17:11:15.0	3716
15	3	271	6-26_17:11:16.0	3712
16	19	341	6-26_17:11:17.0	3707.8
17	5	324	6-26_17:11:18.0	3703.3
16	20	322	6-26_17:11:19.0	3699.1
16	5	254	6-26_17:11:20.0	3695
16	20	317	6-26_17:11:21.0	3690.9
16	6	298	6-26_17:11:22.0	3686.7
16	21	355	6-26_17:11:23.0	3682.4
14	4	324	6-26_17:11:24.0	3678.2
16	17	309	6-26_17:11:25.0	3674.1
15	8	266	6-26_17:11:26.0	3669.8
14	7	290	6-26_17:11:27.0	3665.6
15	20	357	6-26_17:11:28.0	3661.3
13	4	307	6-26_17:11:29.0	3657.1
14	24	329	6-26_17:11:30.0	3652.9
14	2	242	6-26_17:11:31.0	3648.7
14	23	332	6-26_17:11:32.0	3644.6
13	5	302	6-26_17:11:33.0	3640.4
16	19	356	6-26_17:11:34.0	3636.1
14	8	1	6-26_17:11:35.0	3631.6
14	13	282	6-26_17:11:36.0	3627.3
16	13	287	6-26_17:11:37.0	3623.1
15	9	287	6-26_17:11:38.0	3618.9
14	19	349	6-26_17:11:39.0	3614.7
13	6	325	6-26_17:11:40.0	3610.4
12	22	337	6-26_17:11:41.0	3606.1
15	6	263	6-26_17:11:42.0	3601.9
13	20	296	6-26_17:11:43.0	3597.6
13	20	318	6-26_17:11:44.0	3593.1
15	9	315	6-26_17:11:45.0	3588.7
15	13	337	6-26_17:11:46.0	3584.3
15	14	333	6-26_17:11:47.0	3579.9
13	11	240	6-26_17:11:48.0	3575.8
16	19	317	6-26_17:11:49.0	3571.5
15	6	293	6-26_17:11:50.0	3567.2
16	22	358	6-26_17:11:51.0	3562.7
15	2	299	6-26_17:11:52.0	3558.2
11	23	293	6-26_17:11:53.0	3554
10	18	291	6-26_17:11:54.0	3549.5
16	9	301	6-26_17:11:55.0	3545.1
16	9	321	6-26_17:11:56.0	3540.7
14	21	0	6-26_17:11:57.0	3536.2
12	9	299	6-26_17:11:58.0	3531.9
16	23	322	6-26_17:11:59.0	3527.6
9	11	209	6-26_17:12:0.0	3523.3
12	8	287	6-26_17:12:1.0	3518.6
14	23	17	6-26_17:12:2.0	3514.1
6	353	195	6-26_17:12:3.0	3509.9
15	27	323	6-26_17:12:4.0	3505.6
10	19	94	6-26_17:12:5.0	3500.9
10	22	13	6-26_17:12:6.0	3496.6
13	0	248	6-26_17:12:7.0	3492.4
10	12	332	6-26_17:12:8.0	3487.9
11	19	336	6-26_17:12:9.0	3483.3
16	18	1	6-26_17:12:10.0	3478.6
11	10	81	6-26_17:12:11.0	3473.9
15	8	292	6-26_17:12:12.0	3469.5
12	21	283	6-26_17:12:13.0	3464.8
9	11	196	6-26_17:12:14.0	3460.1
13	14	321	6-26_17:12:15.0	3455.4
10	14	325	6-26_17:12:16.0	3450.8
15	22	57	6-26_17:12:17.0	3446.2
13	21	77	6-26_17:12:18.0	3441.6
11	2	322	6-26_17:12:19.0	3436.9
13	24	25	6-26_17:12:20.0	3432.3
16	10	25	6-26_17:12:21.0	3427.4
11	8	71	6-26_17:12:22.0	3422.4
11	17	288	6-26_17:12:23.0	3417.2
9	17	355	6-26_17:12:24.0	3412.5
13	23	20	6-26_17:12:25.0	3407.6
11	8	249	6-26_17:12:26.0	3402.7
14	30	347	6-26_17:12:27.0	3398.4
14	8	38	6-26_17:12:28.0	3393.6
7	17	80	6-26_17:12:29.0	3388.7
14	13	342	6-26_17:12:30.0	3384.5
13	0	275	6-26_17:12:31.0	3379.8
10	28	24	6-26_17:12:32.0	3375
12	6	6	6-26_17:12:33.0	3370.6
14	7	262	6-26_17:12:34.0	3366
14	21	328	6-26_17:12:35.0	3361.4
15	2	295	6-26_17:12:36.0	3356.5
13	23	1	6-26_17:12:37.0	3351.7
16	2	312	6-26_17:12:38.0	3346.8
15	19	293	6-26_17:12:39.0	3341.9
18	10	291	6-26_17:12:40.0	3337.1
11	13	283	6-26_17:12:41.0	3332
15	15	340	6-26_17:12:42.0	3326.9
8	17	222	6-26_17:12:43.0	3321.9
5	26	10	6-26_17:12:44.0	3317.3
9	14	311	6-26_17:12:45.0	3311.9
10	14	91	6-26_17:12:46.0	3306.7
8	15	76	6-26_17:12:47.0	3301.9
7	24	35	6-26_17:12:48.0	3297
6	10	95	6-26_17:12:49.0	3292.1
12	12	350	6-26_17:12:50.0	3287.2
7	26	89	6-26_17:12:51.0	3282.3
12	358	211	6-26_17:12:52.0	3277.4
13	22	324	6-26_17:12:53.0	3272.4
14	15	324	6-26_17:12:54.0	3267.3
13	5	300	6-26_17:12:55.0	3262.1
14	24	10	6-26_17:12:56.0	3257
9	10	62	6-26_17:12:57.0	3252.2
14	10	312	6-26_17:12:58.0	3246.6
10	21	284	6-26_17:12:59.0	3241.7
10	18	60	6-26_17:13:0.0	3236.5
15	8	19	6-26_17:13:1.0	3231.1
14	19	27	6-26_17:13:2.0	3224.9
13	18	20	6-26_17:13:3.0	3219.5
18	354	1	6-26_17:13:4.0	3213.9
14	16	270	6-26_17:13:5.0	3208.4
10	10	289	6-26_17:13:6.0	3202.7
8	27	19	6-26_17:13:7.0	3196.8
11	22	103	6-26_17:13:8.0	3191.5
9	8	329	6-26_17:13:9.0	3185.9
13	11	339	6-26_17:13:10.0	3180.1
11	26	29	6-26_17:13:11.0	3174
16	0	6	6-26_17:13:12.0	3167.7
15	17	67	6-26_17:13:13.0	3161.9
14	20	89	6-26_17:13:14.0	3161.9
14	6	12	6-26_17:13:15.0	3151.6
14	22	37	6-26_17:13:16.0	3145.3
15	14	24	6-26_17:13:17.0	3140
16	3	345	6-26_17:13:18.0	3134.1
10	27	346	6-26_17:13:19.0	3128.3
12	4	51	6-26_17:13:20.0	3122.9
14	14	38	6-26_17:13:21.0	3117.4
14	24	67	6-26_17:13:22.0	3111.7
15	1	326	6-26_17:13:23.0	3105.8
8	11	291	6-26_17:13:24.0	3100.4
12	10	319	6-26_17:13:25.0	3094.7
8	22	335	6-26_17:13:26.0	3088.7
10	11	287	6-26_17:13:27.0	3083.4
11	5	290	6-26_17:13:28.0	3078.1
12	26	47	6-26_17:13:29.0	3072.5
13	12	36	6-26_17:13:30.0	3066.9
9	16	50	6-26_17:13:31.0	3060.9
6	30	33	6-26_17:13:32.0	3055.4
9	12	75	6-26_17:13:33.0	3049.3
8	19	47	6-26_17:13:34.0	3043.6
12	8	337	6-26_17:13:35.0	3038.2
16	22	58	6-26_17:13:36.0	3032.8
1	28	84	6-26_17:13:37.0	3027.4
13	8	37	6-26_17:13:38.0	3021.5
10	7	332	6-26_17:13:39.0	3015.3
11	25	16	6-26_17:13:40.0	3009
16	1	320	6-26_17:13:41.0	3002.7
10	13	286	6-26_17:13:42.0	2997
12	21	348	6-26_17:13:43.0	2991.2
9	21	55	6-26_17:13:44.0	2984.7
16	5	45	6-26_17:13:45.0	2978.4
13	4	14	6-26_17:13:46.0	2972.3
9	19	277	6-26_17:13:47.0	2966
12	356	285	6-26_17:13:48.0	2959.8
8	26	65	6-26_17:13:49.0	2953.8
10	7	21	6-26_17:13:50.0	2947.4
10	11	10	6-26_17:13:51.0	2941.3
14	26	77	6-26_17:13:52.0	2935.3
14	14	52	6-26_17:13:53.0	2929.1
14	6	342	6-26_17:13:54.0	2922.3
14	23	23	6-26_17:13:55.0	2916
16	4	15	6-26_17:13:56.0	2908.9
15	16	60	6-26_17:13:57.0	2902.2
14	16	76	6-26_17:13:58.0	2896.6
14	13	28	6-26_17:13:59.0	2890.2
12	22	41	6-26_17:14:0.0	2883.7
17	3	342	6-26_17:14:1.0	2877.8
14	21	7	6-26_17:14:2.0	2870.8
14	11	54	6-26_17:14:3.0	2864.5
17	14	49	6-26_17:14:4.0	2858.9
13	20	55	6-26_17:14:5.0	2852.9
14	7	349	6-26_17:14:6.0	2846.1
14	22	13	6-26_17:14:7.0	2839.2
16	6	24	6-26_17:14:8.0	2831.8
16	21	75	6-26_17:14:9.0	2825.8
16	10	30	6-26_17:14:10.0	2819.5
16	18	24	6-26_17:14:11.0	2812.1
17	14	7	6-26_17:14:12.0	2805.6
14	17	14	6-26_17:14:13.0	2798.5
16	16	60	6-26_17:14:14.0	2791.3
14	11	43	6-26_17:14:15.0	2784.5
11	25	76	6-26_17:14:16.0	2778.5
16	0	340	6-26_17:14:17.0	2772.6
14	19	333	6-26_17:14:18.0	2765.7
11	23	43	6-26_17:14:19.0	2759.6
14	358	16	6-26_17:14:20.0	2753.3
15	16	86	6-26_17:14:21.0	2746.4
9	18	219	6-26_17:14:22.0	2739.8
13	3	303	6-26_17:14:23.0	2732
7	36	77	6-26_17:14:24.0	2725.2
9	9	33	6-26_17:14:25.0	2718.6
11	4	326	6-26_17:14:26.0	2712
13	20	281	6-26_17:14:27.0	2703.5
2	26	218	6-26_17:14:28.0	2696.1
13	356	352	6-26_17:14:29.0	2689.1
16	13	334	6-26_17:14:30.0	2681.2
17	0	278	6-26_17:14:31.0	2674
24	25	335	6-26_17:14:32.0	2667.1
12	17	96	6-26_17:14:33.0	2660.7
13	13	38	6-26_17:14:34.0	2653.9
13	12	43	6-26_17:14:35.0	2647.6
10	22	102	6-26_17:14:36.0	2640.8
9	17	52	6-26_17:14:37.0	2634
9	24	34	6-26_17:14:38.0	2627.3
11	4	33	6-26_17:14:39.0	2620.2
15	14	342	6-26_17:14:40.0	2613.1
9	24	50	6-26_17:14:41.0	2606
10	15	15	6-26_17:14:42.0	2599
14	0	271	6-26_17:14:43.0	2592.1
10	11	254	6-26_17:14:44.0	2585.9
16	29	38	6-26_17:14:45.0	2579.1
9	16	67	6-26_17:14:46.0	2573.3
10	14	24	6-26_17:14:47.0	2567.1
11	3	56	6-26_17:14:48.0	2560.7
11	28	9	6-26_17:14:49.0	2554.6
15	8	325	6-26_17:14:50.0	2547.9
13	19	36	6-26_17:14:51.0	2540.6
22	20	65	6-26_17:14:52.0	2533.2
13	3	78	6-26_17:14:53.0	2526.9
4	24	207	6-26_17:14:54.0	2520.7
14	6	42	6-26_17:14:55.0	2514.3
12	5	297	6-26_17:14:56.0	2508.1
9	32	99	6-26_17:14:57.0	2502.4
14	359	40	6-26_17:14:58.0	2497.2
14	14	353	6-26_17:14:59.0	2491.7
8	20	234	6-26_17:15:0.0	2485.7
10	13	264	6-26_17:15:1.0	2479.3
8	15	12	6-26_17:15:2.0	2472.7
12	10	348	6-26_17:15:3.0	2466.1
9	22	336	6-26_17:15:4.0	2459.1
16	11	323	6-26_17:15:5.0	2452.2
12	21	316	6-26_17:15:6.0	2445.5
12	20	339	6-26_17:15:7.0	2438.9
8	17	41	6-26_17:15:8.0	2432
13	15	301	6-26_17:15:9.0	2425.4
11	4	226	6-26_17:15:10.0	2418.9
9	18	0	6-26_17:15:11.0	2412.1
9	9	288	6-26_17:15:12.0	2406
9	20	16	6-26_17:15:13.0	2399.4
7	21	82	6-26_17:15:14.0	2392.7
15	18	14	6-26_17:15:15.0	2386.1
12	3	245	6-26_17:15:16.0	2379.7
10	32	342	6-26_17:15:17.0	2373.4
13	1	242	6-26_17:15:18.0	2366.2
23	20	336	6-26_17:15:19.0	2366.2
12	1	270	6-26_17:15:20.0	2366.2
11	18	323	6-26_17:15:21.0	2366.2
14	10	311	6-26_17:15:22.0	2366.2
10	21	344	6-26_17:15:23.0	2366.2
12	17	343	6-26_17:15:24.0	2366.2
8	14	96	6-26_17:15:25.0	2366.2
10	11	81	6-26_17:15:26.0	2366.2
9	7	325	6-26_17:15:27.0	2366.2
9	24	32	6-26_17:15:28.0	2366.2
11	20	8	6-26_17:15:29.0	2366.2
10	6	310	6-26_17:15:30.0	2366.2
16	18	315	6-26_17:15:31.0	2366.2
13	5	232	6-26_17:15:32.0	2366.2
13	14	257	6-26_17:15:33.0	2366.2
12	356	322	6-26_17:15:34.0	2366.2
11	24	98	6-26_17:15:35.0	2366.2
9	17	30	6-26_17:15:36.0	2366.2
14	7	333	6-26_17:15:37.0	2366.2
12	21	7	6-26_17:15:38.0	2366.2
12	21	30	6-26_17:15:39.0	2366.2
7	12	120	6-26_17:15:40.0	2366.2
7	14	289	6-26_17:15:41.0	2366.2
10	13	321	6-26_17:15:42.0	2366.2
8	20	11	6-26_17:15:43.0	2366.2
7	18	34	6-26_17:15:44.0	2366.2
10	14	0	6-26_17:15:45.0	2366.2
12	12	15	6-26_17:15:46.0	2366.2
8	19	43	6-26_17:15:47.0	2366.2
12	17	25	6-26_17:15:48.0	2366.2
11	4	98	6-26_17:15:49.0	2366.2
10	13	285	6-26_17:15:50.0	2366.2
11	9	5	6-26_17:15:51.0	2366.2
6	28	113	6-26_17:15:52.0	2366.2
11	4	357	6-26_17:15:53.0	2366.2
7	12	346	6-26_17:15:54.0	2366.2
7	13	340	6-26_17:15:55.0	2366.2
11	11	16	6-26_17:15:56.0	2366.2
5	29	142	6-26_17:15:57.0	2366.2
12	6	7	6-26_17:15:58.0	2366.2
9	18	347	6-26_17:15:59.0	2366.2
8	17	123	6-26_17:16:0.0	2366.2
11	2	279	6-26_17:16:1.0	2366.2
9	26	287	6-26_17:16:2.0	2366.2
12	16	108	6-26_17:16:3.0	2366.2
8	13	94	6-26_17:16:4.0	2366.2
8	14	136	6-26_17:16:5.0	2366.2
12	17	340	6-26_17:16:6.0	2366.2
14	18	351	6-26_17:16:7.0	2366.2
12	6	318	6-26_17:16:8.0	2366.2
7	25	10	6-26_17:16:9.0	2366.2
13	9	315	6-26_17:16:10.0	2366.2
13	12	246	6-26_17:16:11.0	2366.2
12	8	327	6-26_17:16:12.0	2366.2
17	17	16	6-26_17:16:13.0	2366.2
8	17	10	6-26_17:16:14.0	2366.2
14	357	333	6-26_17:16:15.0	2366.2
4	30	8	6-26_17:16:16.0	2366.2
14	12	51	6-26_17:16:17.0	2366.2
3	22	55	6-26_17:16:18.0	2366.2
10	8	72	6-26_17:16:19.0	2366.2
9	17	338	6-26_17:16:20.0	2366.2
8	8	2	6-26_17:16:21.0	2366.2
7	15	148	6-26_17:16:22.0	2366.2
10	10	299	6-26_17:16:23.0	2366.2
6	18	10	6-26_17:16:24.0	2366.2
7	16	354	6-26_17:16:25.0	2366.2
11	16	335	6-26_17:16:26.0	2366.2
9	23	354	6-26_17:16:27.0	2366.2
9	16	323	6-26_17:16:28.0	2366.2
8	17	331	6-26_17:16:29.0	2366.2
4	25	9	6-26_17:16:30.0	2366.2
13	0	37	6-26_17:16:31.0	2366.2
8	10	12	6-26_17:16:32.0	2366.2
9	17	58	6-26_17:16:33.0	2366.2
6	23	203	6-26_17:16:34.0	2366.2
10	14	296	6-26_17:16:35.0	2366.2
9	17	211	6-26_17:16:36.0	2366.2
8	20	278	6-26_17:16:37.0	2366.2
9	16	244	6-26_17:16:38.0	2366.2
7	15	232	6-26_17:16:39.0	2366.2
9	19	305	6-26_17:16:40.0	2366.2
9	18	293	6-26_17:16:41.0	2366.2
7	14	299	6-26_17:16:42.0	2366.2
5	21	335	6-26_17:16:43.0	2158.2
10	17	344	6-26_17:16:44.0	2244.3
9	20	7	6-26_17:16:45.0	2286
11	12	348	6-26_17:16:46.0	2308.6
11	20	12	6-26_17:16:47.0	2322.5
8	27	49	6-26_17:16:48.0	2331.4
9	7	270	6-26_17:16:49.0	2337.6
8	13	27	6-26_17:16:50.0	2342.2
8	15	217	6-26_17:16:51.0	2345.8
9	6	292	6-26_17:16:52.0	2348.6
9	29	28	6-26_17:16:53.0	2350.7
14	3	349	6-26_17:16:54.0	2352.1
10	16	335	6-26_17:16:55.0	2353
9	24	319	6-26_17:16:56.0	2353.6
14	11	290	6-26_17:16:57.0	2353.9
14	5	262	6-26_17:16:58.0	2354.2
13	24	350	6-26_17:16:59.0	2354.6
11	6	329	6-26_17:17:0.0	2355.1
16	19	336	6-26_17:17:1.0	2355.4
14	2	250	6-26_17:17:2.0	2355.5
14	25	313	6-26_17:17:3.0	2355.3
9	8	240	6-26_17:17:4.0	2355.3
13	5	301	6-26_17:17:5.0	2355.6
14	15	343	6-26_17:17:6.0	2356
12	11	348	6-26_17:17:7.0	2356.2
9	22	43	6-26_17:17:8.0	2356.3
10	11	306	6-26_17:17:9.0	2356.3
12	10	273	6-26_17:17:10.0	2356.2
12	20	293	6-26_17:17:11.0	2356.1
15	3	293	6-26_17:17:12.0	2356
11	19	322	6-26_17:17:13.0	2356.1
11	357	286	6-26_17:17:14.0	2356.3
16	24	23	6-26_17:17:15.0	2356.3
10	8	37	6-26_17:17:16.0	2356.3
6	16	42	6-26_17:17:17.0	2356.3
6	15	44	6-26_17:17:18.0	2356.1
8	11	13	6-26_17:17:19.0	2356
10	14	271	6-26_17:17:20.0	2355.9
15	24	341	6-26_17:17:21.0	2355.7
10	3	285	6-26_17:17:22.0	2355.7
9	23	19	6-26_17:17:23.0	2355.7
9	12	256	6-26_17:17:24.0	2355.7
18	40	75	6-26_17:17:25.0	2355.6
6	11	41	6-26_17:17:26.0	2355.6
11	11	6	6-26_17:17:27.0	2355.6
14	21	46	6-26_17:17:28.0	2355.5
11	24	47	6-26_17:17:29.0	2355.4
8	10	339	6-26_17:17:30.0	2355.2
13	8	299	6-26_17:17:31.0	2355.1
9	25	302	6-26_17:17:32.0	2355
11	19	74	6-26_17:17:33.0	2355
7	16	52	6-26_17:17:34.0	2355
5	25	18	6-26_17:17:35.0	2355
12	0	232	6-26_17:17:36.0	2355
12	13	310	6-26_17:17:37.0	2355
5	22	0	6-26_17:17:38.0	2355.1
8	19	13	6-26_17:17:39.0	2355.2
7	18	13	6-26_17:17:40.0	2355.2
9	14	355	6-26_17:17:41.0	2355.3
13	9	351	6-26_17:17:42.0	2355.3
11	19	287	6-26_17:17:43.0	2355.3
13	18	300	6-26_17:17:44.0	2355.2
10	5	234	6-26_17:17:45.0	2355.2
12	22	330	6-26_17:17:46.0	2355.2
11	18	353	6-26_17:17:47.0	2355.2
11	14	355	6-26_17:17:48.0	2355.3
14	3	284	6-26_17:17:49.0	2355.3
16	17	298	6-26_17:17:50.0	2355.3
12	2	259	6-26_17:17:51.0	2355.3
16	22	353	6-26_17:17:52.0	2355.3
12	0	285	6-26_17:17:53.0	2355.3
9	29	303	6-26_17:17:54.0	2355.3
12	12	57	6-26_17:17:55.0	2355.3
10	5	22	6-26_17:17:56.0	2355.3
7	26	328	6-26_17:17:57.0	2355.3
10	24	342	6-26_17:17:58.0	2355.3
9	5	212	6-26_17:17:59.0	2355.3
10	14	333	6-26_17:18:0.0	2355.3
7	14	284	6-26_17:18:1.0	2355.4
8	19	346	6-26_17:18:2.0	2355.4
3	27	47	6-26_17:18:3.0	2355.4
9	1	9	6-26_17:18:4.0	2355.4
8	9	298	6-26_17:18:5.0	2355.5
6	25	6	6-26_17:18:6.0	2355.5
8	24	27	6-26_17:18:7.0	2355.6
12	9	350	6-26_17:18:8.0	2355.6
11	10	342	6-26_17:18:9.0	2355.6
6	21	289	6-26_17:18:10.0	2355.7
8	28	58	6-26_17:18:11.0	2355.7
12	10	46	6-26_17:18:12.0	2355.7
8	16	33	6-26_17:18:13.0	2355.7
9	7	311	6-26_17:18:14.0	2355.8
11	32	326	6-26_17:18:15.0	2355.8
11	13	44	6-26_17:18:16.0	2355.8
7	15	121	6-26_17:18:17.0	2355.8
13	2	286	6-26_17:18:18.0	2355.9
9	28	1	6-26_17:18:19.0	2355.9
10	5	311	6-26_17:18:20.0	2355.9
10	6	295	6-26_17:18:21.0	2356
10	28	6	6-26_17:18:22.0	2356
